Random Sample Report
Method: Item Adjusted Weighted Sum
Sample Size: 100
N Neighbors: 5

--------------------------------------------------------------------------------

Repeat: 0
Confusion Matrix:
obs    False  True 
pred               
False     72     14
True       3     11

Precision:        0.786
Recall:           0.440
F1 Measure:       0.564
Overall Accuracy: 0.830
MAE:              2.656

Predictions:
 user  item  obs_rating  pred_rating  delta_rating
23632    69       -8.35    -8.630664      0.280664
13130    66       -4.17    -1.329599      2.840401
15922    42       -5.10    -7.243494      2.143494
 6251    12       -4.13    -3.080434      1.049566
 7110    34       -3.06    -0.902527      2.157473
 2642    13       -0.53     4.882574      5.412574
12197    86        1.46     2.836485      1.376485
 8782    84       -7.82    -5.298267      2.521733
14238    35        3.69     3.134711      0.555289
 9016    24        2.86     1.746388      1.113612
22736    60        3.93     6.761015      2.831015
 3770    54        1.02     1.603062      0.583062
 5822    33        1.75     1.390799      0.359201
22475    16       -3.88    -6.851061      2.971061
 2615    79       -9.66    -4.094799      5.565201
 4606     8       -6.50    -7.672237      1.172237
15588     3        5.49     2.391961      3.098039
15047    14       -0.34     1.164229      1.504229
14525    11        6.12     3.711725      2.408275
13581    32       -3.59     1.255235      4.845235
10992    65        6.60     7.288950      0.688950
23628    28        5.63     7.414839      1.784839
24439    60       -0.19     0.290704      0.480704
 3809    93       -2.67    -2.906995      0.236995
 5239    55        5.39     6.688637      1.298637
24080    13       -5.29    -2.822946      2.467054
17642    14       -9.13    -4.192494      4.937506
11041    69       -3.01     4.880620      7.890620
  738    53       -9.85    -7.585916      2.264084
12190    52       -0.73    -3.749052      3.019052
11422    28        5.39     7.341030      1.951030
 2626    55        7.18     6.645427      0.534573
20959    39       -6.99     0.402124      7.392124
11567    30        2.82     0.249890      2.570110
19723    10        1.94     0.099306      1.840694
16777    50        6.94     1.942493      4.997507
 2152    62        3.74     0.633669      3.106331
 7616    90       -9.08    -2.376741      6.703259
15916    52        1.75     0.596283      1.153717
21152    94        8.20     2.034020      6.165980
 3450    83        3.40     2.377823      1.022177
23755    36        2.48     1.009036      1.470964
 1179    52        8.35     6.895291      1.454709
18693    27       -1.41    -0.265536      1.144464
15832     5       -1.70    -1.175121      0.524879
 9883    62        5.68     6.691232      1.011232
17619    47       -4.66     4.149980      8.809980
15967    37        6.02     0.370029      5.649971
 9208    60        7.77     6.953204      0.816796
12137    34        2.48     2.126855      0.353145
18788    29       -0.39     0.038317      0.428317
21833    31        5.58     6.224828      0.644828
 9126    15        0.53    -3.831786      4.361786
17471    33        5.19     2.207721      2.982279
15650    42       -6.46    -3.858540      2.601460
24819    19       -5.68    -1.133387      4.546613
14456     9       -8.54    -0.667316      7.872684
 1267    48        5.58     3.809053      1.770947
19371    39       -2.04     2.156004      4.196004
 8837    26        3.50     4.595475      1.095475
 5447    24        1.80     2.103022      0.303022
12817    67       -8.45    -0.332181      8.117819
21823    60        6.12     5.025697      1.094303
16246    47        1.26     2.399539      1.139539
24793     8        0.58     1.192488      0.612488
15050    38        0.15    -4.413737      4.563737
  382    16        3.50     5.094268      1.594268
16700    37       -2.67     7.197893      9.867893
16594    84        2.62     1.471853      1.148147
 7041    41        2.52     1.760311      0.759689
16070    69        1.21    -4.865628      6.075628
10942     3        2.04     4.337114      2.297114
18650    63        3.83     4.205495      0.375495
 5449    53        8.83     7.194265      1.635735
17575    60        5.39     4.514117      0.875883
17164     9        0.49     2.520383      2.030383
 3001    36        6.12     2.969599      3.150401
22867    12       -6.31    -3.969080      2.340920
11421     5        8.74     4.399281      4.340719
22264    29       -9.71   -10.000000      0.290000
19808    66        0.97     0.100822      0.869178
16365    83       -7.62     0.199608      7.819608
 5528    91        1.36     2.674351      1.314351
20958    57       -9.51   -10.000000      0.490000
 2672    11        3.79     0.530483      3.259517
11867    46        3.54     3.010995      0.529005
16840    68        2.77     2.624637      0.145363
13708    21        5.44    -0.667708      6.107708
22183    24        5.00    -3.824763      8.824763
24077    28       -4.27    -2.045293      2.224707
 8570    46        2.86     2.529841      0.330159
 4532    14       -9.47    -4.261639      5.208361
22490    72        8.93     4.491859      4.438141
15204    14       -6.26    -2.087965      4.172035
18248    46       -1.17     1.518381      2.688381
 7585    59       -3.50    -4.613596      1.113596
 2072    15       -6.50    -4.457701      2.042299
14017    66       -8.64    -8.637976      0.002024
 5251    18        5.29     3.217927      2.072073
22920    24        2.33     2.642571      0.312571

--------------------------------------------------------------------------------

Repeat: 1
Confusion Matrix:
obs    False  True 
pred               
False     69     11
True       4     16

Precision:        0.800
Recall:           0.593
F1 Measure:       0.681
Overall Accuracy: 0.850
MAE:              2.718

Predictions:
 user  item  obs_rating  pred_rating  delta_rating
 5262    65        5.29     1.601181      3.688819
 5709    76       -5.63    -2.760240      2.869760
12144    85       -5.83    -3.700197      2.129803
 7233    12       -1.70    -0.510413      1.189587
 5605    34       -2.48    -0.965956      1.514044
 9708     6       -1.21    -0.785402      0.424598
 5633    95        4.51     2.351340      2.158660
20002     6        2.96    -0.058669      3.018669
19394    12       -6.17     1.657170      7.827170
 4064    60        7.33     8.933417      1.603417
11977    68       -4.85    -3.606164      1.243836
 8920    30        2.14     1.937810      0.202190
15018    84        5.92     0.991623      4.928377
22825    49        1.50     4.586934      3.086934
 1744    53        4.66     5.039188      0.379188
 9401    60        6.80     7.271550      0.471550
 6804     8        8.98     5.204835      3.775165
 9282    30       -2.14     3.077399      5.217399
 5317    22       -2.77     1.557956      4.327956
18550    10        3.11    -5.097600      8.207600
22612    42        0.63    -4.084056      4.714056
12530    69       -0.29     0.043604      0.333604
 3292    53        5.00     1.524205      3.475795
23088    53       -5.73    -0.839805      4.890195
 2094     2       -1.12     3.658342      4.778342
22954    44        1.02     1.568689      0.548689
16514    20        3.98    -0.196625      4.176625
17893    80       -2.86     0.231525      3.091525
22346     3        7.77     5.515411      2.254589
18496    70        6.26     3.537395      2.722605
13013    47        5.05     2.783293      2.266707
16237    40       -2.43    -4.936727      2.506727
    6     6        7.72     3.439497      4.280503
15056    61        6.07     7.026169      0.956169
16711    49        2.91     3.805365      0.895365
22986    28        0.97     4.466310      3.496310
14115    95       -8.54    -2.916292      5.623708
 7046    30        5.53     5.924127      0.394127
10173    53        5.87     5.701802      0.168198
18219    36       -3.40     0.915005      4.315005
 9837    11       -1.17    -0.993786      0.176214
 8587    10        8.54     0.376737      8.163263
 5516    48        4.90     2.849205      2.050795
  566    58        0.58     0.568206      0.011794
 4290     7       -3.59    -5.367109      1.777109
22119    28        1.50     2.606981      1.106981
17601    67        1.12     1.282409      0.162409
 8216    79       -1.94     1.614151      3.554151
18678    42       -0.19    -7.789113      7.599113
15252     1        2.82    -8.182429     11.002429
13252    64        8.11     3.084493      5.025507
  323    43        1.94     1.784765      0.155235
16491     4        2.28     1.906136      0.373864
 5711    71        8.64     4.853461      3.786539
24451    88        0.29    -1.959979      2.249979
14809    45        5.05     6.110112      1.060112
 6110    22       -4.17     0.474831      4.644831
 6610    12       -5.68    -2.517370      3.162630
22897    28        5.83     6.590173      0.760173
10872     3       -0.53    -3.512711      2.982711
17678    31       -0.49    -0.100279      0.389721
 5477    80        3.40     1.312081      2.087919
15090    17       -0.29    -0.898275      0.608275
22864    63        5.00     1.324359      3.675641
14106    98       -6.21     0.280960      6.490960
12003    34        8.69     5.019976      3.670024
10271    28        2.04     2.120861      0.080861
 7815     9        1.80     6.053130      4.253130
 4558    56        3.98     0.191222      3.788778
 2571     1       -9.42    -7.960046      1.459954
 9256     5        4.22     6.030454      1.810454
13369    48        4.81     6.375307      1.565307
 3121    15       -2.62    -1.110273      1.509727
 5420    55       -1.55     1.503353      3.053353
 6237     3       -1.31    -4.272070      2.962070
22699    67        9.27     8.364272      0.905728
12950     5       -1.21     0.849950      2.059950
16026    95       -9.90    -6.803598      3.096402
17843     5        6.21     5.515721      0.694279
 2544    18        6.31    -1.590156      7.900156
20223    47        7.23     6.002918      1.227082
18203    15        0.44    -0.565921      1.005921
11143    62        4.13     1.549264      2.580736
 8344     5        8.20     5.898347      2.301653
21880    22       -7.38    -5.932362      1.447638
 9825    37       -0.24     0.615779      0.855779
15721    67        2.18     3.961361      1.781361
13860    16        3.20    -2.835869      6.035869
 4918    61        1.55     1.189040      0.360960
21268    67       -2.91     1.292633      4.202633
 5701     3        0.53    -0.594041      1.124041
18937    65        0.24    -2.032213      2.272213
21670    69        8.54     7.538635      1.001365
10703     8        3.35     2.301835      1.048165
21738    14       -7.67     3.113094     10.783094
12848    34        6.55     7.124055      0.574055
19853    11        3.74     4.914792      1.174792
21100    17       -0.19    -1.391643      1.201643
17884    67       -6.60    -3.297366      3.302634
    8    64        4.85     3.337019      1.512981

--------------------------------------------------------------------------------

Repeat: 2
Confusion Matrix:
obs    False  True 
pred               
False     75     10
True       4     11

Precision:        0.733
Recall:           0.524
F1 Measure:       0.611
Overall Accuracy: 0.860
MAE:              2.909

Predictions:
 user  item  obs_rating  pred_rating  delta_rating
  512    42       -0.29    -0.679546      0.389546
20428    31        3.35     3.397686      0.047686
22966    29       -8.45    -3.877342      4.572658
 7924    61        3.35     3.544228      0.194228
23359    89        2.86     5.619361      2.759361
12328     7        3.25     1.223887      2.026113
 9587    14       -5.87    -1.060563      4.809437
12987    44        3.54     1.554595      1.985405
 8731    50        3.01    -1.207569      4.217569
23853    60        0.24    -7.170358      7.410358
22084    78       -8.74    -2.204990      6.535010
21405    19       -7.18     1.222751      8.402751
12729    39        4.47     6.159984      1.689984
 4394    42       -1.89    -1.098243      0.791757
12793    35        8.83     4.924552      3.905448
 6162    80        8.69     8.716991      0.026991
12634    41        8.74     5.108790      3.631210
19476    37        5.68    -4.157100      9.837100
21672     3        1.80    -5.316101      7.116101
12210    92        0.87     4.169577      3.299577
14497    52        0.97     4.013014      3.043014
18602     6       -0.87    -0.861704      0.008296
21396    64        3.88     3.715926      0.164074
 4001    66       -3.69    -5.189506      1.499506
13971    85       -2.96    -1.725399      1.234601
18821    70       -8.59    -5.177936      3.412064
14387     7        1.36    -0.120643      1.480643
 1934    39       -4.76    -3.743193      1.016807
  109    21        1.21     2.346719      1.136719
22182    41       -6.31    -3.243813      3.066187
17808    93        0.00     1.944739      1.944739
20755     2       -6.41    -3.742341      2.667659
 8058    46        6.75     4.495420      2.254580
10760    80       -0.78     3.174967      3.954967
 7483    94       -9.66     2.939951     12.599951
18436    24       -6.31    -3.569056      2.740944
 7591    58        2.52    -0.110008      2.630008
10436    19       -7.72    -1.862128      5.857872
18024    12        8.59     6.411043      2.178957
18418     0        8.64     6.617371      2.022629
 4405    65        4.90     5.168464      0.268464
23316    55        1.55     3.882744      2.332744
19045     9       -1.55    -0.061732      1.488268
10951    64        6.50     7.845555      1.345555
18187    27       -3.79    -0.457960      3.332040
20325    50       -9.90    -5.109642      4.790358
16862    80        6.12    -1.039110      7.159110
21598    19        8.35    -3.344059     11.694059
 7105    57        0.00    -3.308275      3.308275
  590    45        1.21     0.976811      0.233189
 6672    58        1.70    -0.879029      2.579029
10950    37        8.01     4.814192      3.195808
 9727    99        1.65     0.163944      1.486056
13917    87        8.88     7.841603      1.038397
10088    35       -1.60    -0.703325      0.896675
13670    37       -8.54    -4.873071      3.666929
 2400    15       -4.71    -1.843752      2.866248
19494    39        5.68     1.315449      4.364551
22521    33       -5.87    -3.184611      2.685389
17428    19       -2.72    -4.974006      2.254006
 6799    65        3.50     3.287047      0.212953
24675    93        4.56     4.672684      0.112684
13539    66        1.21    -1.235748      2.445748
21798    46        6.80     3.276068      3.523932
15521    63        2.23    -0.859479      3.089479
 3357    65        5.44     6.781261      1.341261
13438    75        0.49     6.688107      6.198107
19276    16       -0.34    -3.342311      3.002311
18028    68       -3.98     3.512278      7.492278
14009    58        3.98    -2.702920      6.682920
 4086    63       -3.98    -3.904425      0.075575
24480    48       -8.83    -8.559443      0.270557
 2548     7        2.72    -0.102596      2.822596
13364    96        3.20     1.074367      2.125633
21447    67        3.64     3.229564      0.410436
11551    53       -7.91    -8.744310      0.834310
19160    37       -2.04    -0.415362      1.624638
 1253    64        1.70     1.103276      0.596724
 8314    13       -6.31    -3.989604      2.320396
18007    31        5.34     5.074902      0.265098
 6146    35        6.75     7.329493      0.579493
16407    90        1.36     3.367062      2.007062
 3782    64        6.89     1.293168      5.596832
20087    57       -0.15    -4.866664      4.716664
20417    63        5.15    -2.425680      7.575680
 6582    57        4.95     1.673759      3.276241
20755    45       -0.24     1.229511      1.469511
10314    20       -2.33     1.638577      3.968577
22501    25        7.33     7.311491      0.018509
  509    90       -1.70    -0.712434      0.987566
 4222    68       -1.07    -1.034145      0.035855
24007    42       -9.90    -5.815739      4.084261
17573    27        2.96    -2.181658      5.141658
18875    76       -0.29    -1.712628      1.422628
18544    46        3.93     1.778170      2.151830
16743     5        8.25     5.827847      2.422153
14098    12       -7.91    -2.396927      5.513073
 7346     5       -2.67    -1.572386      1.097614
 3595    64       -3.69    -0.437809      3.252191
 6298    36       -6.02    -6.602353      0.582353

