Random Sample Report
Method: User Adjusted Weighted Sum
Sample Size: 100
N Neighbors: 5

--------------------------------------------------------------------------------

Repeat: 0
Confusion Matrix:
obs    False  True 
pred               
False     76     12
True       4      8

Precision:        0.667
Recall:           0.400
F1 Measure:       0.500
Overall Accuracy: 0.840
MAE:              2.760

Predictions:
 user  item  obs_rating  pred_rating  delta_rating
21329    26       -3.83     1.201604      5.031604
11844    16       -4.32    -6.185729      1.865729
14686    35        5.87     3.305156      2.564844
20320    19       -8.98    -3.310423      5.669577
10499    59       -9.22    -0.999490      8.220510
16641    41        5.24     7.598239      2.358239
 1978    32        2.33    -1.129625      3.459625
  321    84        4.71     2.863705      1.846295
13212    93        1.12     1.530589      0.410589
10119    22        8.83     1.482210      7.347790
14664    64        1.84     2.530632      0.690632
21881    57       -1.07    -3.555349      2.485349
11117    31        8.54     6.982710      1.557290
19795    25        5.92     4.768093      1.151907
13533    30       -2.18     2.381308      4.561308
22177    27        3.50     2.116238      1.383762
 5999    35        3.16     3.547002      0.387002
 7999    31        2.62     6.148264      3.528264
15893    96        2.43    -0.326667      2.756667
 2214    72        4.08     3.510625      0.569375
 4990    49        4.22     2.777733      1.442267
  701    53        5.58     5.395384      0.184616
21637    70        2.62     2.797323      0.177323
15535    11        3.01     2.812907      0.197093
11346    42        2.09     0.322954      1.767046
16027    50       -6.55    -1.677414      4.872586
13643    19       -1.41    -1.851508      0.441508
17194    28        8.79     3.130449      5.659551
20850    53        4.27     2.508289      1.761711
21841    29        5.53     5.337017      0.192983
11224    89        8.11     8.129849      0.019849
12517    35        1.07     4.367221      3.297221
 8451    35        1.65    -0.552783      2.202783
13201    41        5.78     8.090066      2.310066
 1053    45       -6.75    -1.218102      5.531898
11695    16        2.09     0.841247      1.248753
18253     8       -7.04    -4.314315      2.725685
 7262    45       -6.41     1.328903      7.738903
17732    82        2.82     2.197472      0.622528
11701     9        1.55     0.676663      0.873337
11847     6        4.37    -0.455858      4.825858
19396    15       -3.93    -0.209269      3.720731
 6081    22       -7.23     0.915867      8.145867
17342    40       -0.34    -3.213135      2.873135
24859    48        8.50     4.003440      4.496560
14496    21       -0.29    -0.642498      0.352498
12282    63       -1.75    -3.154965      1.404965
 7334    32        8.88    -1.676030     10.556030
19502    61       -2.96     0.882142      3.842142
 8978    87        3.64    -0.247408      3.887408
14270    51        3.20     3.708979      0.508979
14484    12       -7.18    -0.447727      6.732273
 6001    53        3.83     4.805046      0.975046
 4064    95       -8.16     2.111002     10.271002
23227    85        0.44    -0.614496      1.054496
 7035    12       -7.91    -4.016854      3.893146
21153    69        1.50     1.742192      0.242192
13286    12        5.78    -0.094652      5.874652
21449    99       -7.77    -1.994904      5.775096
 7158    52        2.62     6.080503      3.460503
 1345    27        1.41     1.051036      0.358964
 8425    63        5.73    -2.214923      7.944923
15573    12       -9.66    -3.427462      6.232538
 9666     3       -6.31    -3.967933      2.342067
14212    54        2.43    -0.011321      2.441321
 7204    28        4.51     3.363244      1.146756
10862    24        5.19     4.032337      1.157663
 5975    26        2.86     3.594092      0.734092
 2622    46       -0.19    -5.845091      5.655091
17268    16       -3.35    -3.058375      0.291625
15035    25       -2.82    -1.780576      1.039424
17540    16       -3.35     3.341118      6.691118
18143    30       -9.03    -8.008878      1.021122
21878    46        5.58     2.841718      2.738282
 2431    34       -0.97     1.576064      2.546064
13382    12       -7.23    -5.759055      1.470945
 1549     7        7.14     2.696178      4.443822
 4297    60       -7.77     0.650756      8.420756
 6599    80       -0.49     4.144813      4.634813
 7306    56       -9.27    -9.750909      0.480909
11929    37       -1.50    -3.782247      2.282247
 8424    64       -3.98     0.856962      4.836962
 8741    48        6.07     3.925928      2.144072
23714    33       -0.73     0.021126      0.751126
24343    67        6.75     6.938119      0.188119
12773    68       -1.21     0.204083      1.414083
 5927    39        3.30     5.398356      2.098356
 7025    92       -6.26     0.181329      6.441329
17236    24        7.67     6.148525      1.521475
 4120    26        2.48     2.858965      0.378965
14483     0        1.21     0.245192      0.964808
 6093    17        0.58     0.354738      0.225262
13122    19        3.93     3.667606      0.262394
23078    99       -1.07    -0.199670      0.870330
16409    86       -0.10     0.512282      0.612282
 9418    34        3.59     6.313156      2.723156
 3902     7       -3.16    -2.804964      0.355036
24135    11       -4.85    -5.267496      0.417496
10992    50        3.64     3.741574      0.101574
19696    60        1.46     3.052255      1.592255

--------------------------------------------------------------------------------

Repeat: 1
Confusion Matrix:
obs    False  True 
pred               
False     73     14
True       3     10

Precision:        0.769
Recall:           0.417
F1 Measure:       0.541
Overall Accuracy: 0.830
MAE:              2.790

Predictions:
 user  item  obs_rating  pred_rating  delta_rating
12965    59       -8.59    -5.962563      2.627437
14057    18       -1.65    -3.771271      2.121271
13966     6       -0.87    -0.015275      0.854725
 3169    39       -4.61    -3.424236      1.185764
  920    12        4.42    -4.672742      9.092742
 1174    51       -2.62    -2.024027      0.595973
21232    61        5.58     5.557523      0.022477
 1465    31       -4.61    -0.711219      3.898781
 8628    42        1.99     2.026881      0.036881
 6879    23        0.00    -1.119256      1.119256
10803     3       -4.03    -4.458567      0.428567
 9312    47       -0.05     0.800520      0.850520
 7421    63        8.54     0.531591      8.008409
 6236     9       -8.16    -0.419025      7.740975
19164    67        7.38     4.710911      2.669089
 7479    29       -0.87     2.736866      3.606866
12149    21       -7.91     1.951795      9.861795
 5106    66       -4.13    -4.533474      0.403474
 8749    68        6.36     4.200528      2.159472
 1858    53       -2.14     0.216825      2.356825
12749     1       -0.73     2.175899      2.905899
15864    16       -0.29    -5.694548      5.404548
24382    98        1.94    -4.069138      6.009138
 2596     7       -4.51    -1.427753      3.082247
 7027    48        4.76     4.283874      0.476126
 9667     6       -8.11    -0.737876      7.372124
 7729    42        6.60     1.277536      5.322464
17823    28       -2.04     0.696202      2.736202
 4285    86       -1.17    -3.901084      2.731084
 2086    49        8.74     4.815776      3.924224
12477     0        5.92     1.627866      4.292134
16806    71        5.63     6.477157      0.847157
17523    93       -2.23     1.556569      3.786569
  454    79        4.51     8.320916      3.810916
12988    65        5.78     3.583372      2.196628
17962    23       -7.62    -3.760393      3.859607
18527    17       -3.35    -1.775039      1.574961
 5195    28        1.70     5.013986      3.313986
18506    31        3.54     4.831129      1.291129
 2213    66        0.00     0.047272      0.047272
11579    53        5.53     5.799036      0.269036
 7432    65        8.59     5.818755      2.771245
16812    88        4.90     3.161774      1.738226
21423    80        6.94     9.444241      2.504241
 2872    12        2.67    -3.235166      5.905166
10680    74       -2.91    -1.740189      1.169811
22821    27        4.13     3.507567      0.622433
 5367     6        5.78     1.682526      4.097474
17309    26        4.85     5.983127      1.133127
18885    63       -2.43    -3.522761      1.092761
13427    15       -9.17    -3.904180      5.265820
16879    25       -1.17     0.430004      1.600004
11217    66       -8.45    -5.990132      2.459868
24477    60       -0.24     3.026443      3.266443
24228    43        1.21     0.191800      1.018200
 9731    71        7.48     5.132067      2.347933
 4155    14       -4.90    -0.758754      4.141246
21547    17        1.26    -2.291421      3.551421
 5343    47        1.31     1.717126      0.407126
12474    47        4.08     1.972958      2.107042
 9863    45        6.84     7.417646      0.577646
13690    53       -1.99    -0.395921      1.594079
11346    63        3.35    -1.541602      4.891602
 6826    47       -0.73     2.095743      2.825743
 4864    68        0.44     0.240841      0.199159
 4657    20       -0.05    -4.897546      4.847546
13537    24        5.53     5.268363      0.261637
21207    37       -9.71    -7.345153      2.364847
 1979    51       -4.76    -3.805564      0.954436
 6402    43       -4.85    -3.119998      1.730002
 2432    48        4.32     1.894840      2.425160
20093     4       -2.38    -0.256529      2.123471
   53    36       -8.69    -5.091882      3.598118
 9447    28        4.03     4.033585      0.003585
17007    34        5.34     4.315478      1.024522
 5190    10       -0.05    -2.608246      2.558246
12691    23        3.01     2.528024      0.481976
11096    12        2.82     0.325976      2.494024
 1137    19       -0.92     4.654801      5.574801
 2892    11        0.39     0.391877      0.001877
13039    68        6.65     3.154961      3.495039
 3376    55       -0.15    -1.799220      1.649220
 4638    10        2.91     1.422895      1.487105
 5612    35        8.20     7.095203      1.104797
14892    32       -7.23    -4.007709      3.222291
11662    86        5.63     4.830933      0.799067
20094    45       -0.53     1.018520      1.548520
 2826    59       -8.83    -1.615119      7.214881
 8728     4        3.01    -2.281913      5.291913
15569    51        8.45    -0.085230      8.535230
20965    96        8.35     5.990614      2.359386
20398    64        4.76     0.849089      3.910911
 9872     2        8.01     2.767621      5.242379
18848    84        4.81     2.561751      2.248249
 2821    91       -5.29    -3.541680      1.748320
 6667    91        9.27     0.339134      8.930866
  934     6       -4.13    -7.934585      3.804585
17666     7       -4.90    -2.547094      2.352906
 4397    21       -7.04    -6.880994      0.159006
  407    18        4.95     3.712666      1.237334

--------------------------------------------------------------------------------

Repeat: 2
Confusion Matrix:
obs    False  True 
pred               
False     75     10
True       3     12

Precision:        0.800
Recall:           0.545
F1 Measure:       0.649
Overall Accuracy: 0.870
MAE:              2.655

Predictions:
 user  item  obs_rating  pred_rating  delta_rating
 8768    17       -0.49    -3.816661      3.326661
19604    19       -5.34    -2.893507      2.446493
10254    71       -2.04     2.382695      4.422695
 7145    92       -0.53    -0.203187      0.326813
15134    51       -1.99     0.426459      2.416459
  852    43       -6.65    -3.033400      3.616600
 6711    44        1.89     0.078843      1.811157
 2356     9       -5.19    -6.833714      1.643714
14983     7       -4.56    -3.665757      0.894243
10683    46        0.83     5.226679      4.396679
23671    28        3.74     5.426324      1.686324
12095    31        5.34     5.681031      0.341031
11741    40       -9.47   -10.000000      0.530000
22631    90       -0.19     0.151046      0.341046
20411    33        3.20     2.229616      0.970384
 1644    73        5.92    -2.083602      8.003602
22186    40       -4.47     0.774122      5.244122
 9744    68        9.37     9.535886      0.165886
 3326    40       -0.15    -1.646065      1.496065
 7058     3       -7.04    -2.421397      4.618603
 5831    55        2.67     4.848216      2.178216
11236    48        3.93     6.549252      2.619252
 2648    74        1.31    -1.373576      2.683576
17038    65        2.52     2.680548      0.160548
14001    37       -2.28     4.699336      6.979336
18673    99        2.09     4.916574      2.826574
 3567    16        0.49    -0.952319      1.442319
 7660    60        5.00     1.648836      3.351164
22316    18       -0.39     0.686785      1.076785
16375    25        8.83     7.101570      1.728430
  574    40       -5.58    -3.737333      1.842667
17204     6       -1.65    -4.354372      2.704372
22895    56       -7.86    -6.261439      1.598561
 2676     4       -6.70    -3.912094      2.787906
  339    23       -9.17    -7.222007      1.947993
  466    51        3.69     3.732693      0.042693
15602    64       -4.17     0.530879      4.700879
 5777    49        7.52     6.990223      0.529777
22567    30       -2.14    -3.045412      0.905412
20858    85        0.68    -0.310053      0.990053
 8762    14        0.73     1.216343      0.486343
13351     3        3.16     0.316262      2.843738
23723    10       -5.92    -2.678109      3.241891
14486    11        7.72     2.161195      5.558805
17566    70        1.07    -2.594055      3.664055
20021    35        6.55     5.624066      0.925934
19605    43       -5.58    -3.749772      1.830228
24004     9       -2.38    -3.915965      1.535965
 7333    93        5.10    -2.610100      7.710100
 1574    19        2.91     2.494401      0.415599
 1016    58        0.00    -1.009954      1.009954
22612    66       -0.97    -4.437861      3.467861
 1305    20        5.53     5.461670      0.068330
12205    66        0.15    -0.199293      0.349293
11402    19        3.74    -0.073919      3.813919
16335    34       -8.59    -4.949551      3.640449
 7740    85       -2.33    -4.337616      2.007616
 3720    40       -8.59    -5.967344      2.622656
16137    65        0.10     3.348815      3.248815
19947    65        3.20     4.246242      1.046242
 7002    14       -2.04    -1.080130      0.959870
 8365    69        1.46     2.222162      0.762162
10098    51        4.37     2.328762      2.041238
14792    67       -0.53     4.061521      4.591521
10999    15        2.91    -3.523174      6.433174
 9515    35        3.79    -0.274342      4.064342
 7345    41        8.30     7.423359      0.876641
16687    23       -6.89    -4.235163      2.654837
 8797    52        7.23     5.796008      1.433992
 8138    63        3.74     2.236814      1.503186
20778    62        2.43     0.990906      1.439094
11091    62        5.92     4.011084      1.908916
20205    82        8.74     2.414170      6.325830
14261     3        0.00    -1.728876      1.728876
15742    49        3.83     4.332745      0.502745
16670    12       -8.93    -7.152941      1.777059
  506    50       -0.10    -7.615463      7.515463
 4110     3       -4.81    -2.973352      1.836648
 4178    63        1.41    -1.234410      2.644410
 9409    78        6.60     5.300419      1.299581
24166    27        6.02     1.870332      4.149668
14921    48        8.45     7.134105      1.315895
15848    46       -5.83     3.284989      9.114989
 4790    12       -2.48    -0.560324      1.919676
14305     2        0.87    -3.036670      3.906670
 9027    12        4.27     2.459786      1.810214
15232    51        6.55     4.516907      2.033093
23426    99        6.12     5.196180      0.923820
 8677    19       -9.66    -0.723082      8.936918
 4250    59        5.49    -0.146803      5.636803
15460    31        7.28     5.084452      2.195548
20059    85       -8.54    -4.553206      3.986794
 7836    36        6.70     2.310385      4.389615
 2859    46        1.80     3.009710      1.209710
15677    94        0.73    -2.133938      2.863938
17964    28       -0.58    -3.178610      2.598610
19847    18        1.65    -2.788296      4.438296
11564    17        2.91    -4.176245      7.086245
22904    59        2.67     0.205252      2.464748
13976    39       -0.73    -1.703826      0.973826

