Random Sample Report
Method: User Weighted Sum
Sample Size: 100
N Neighbors: 5

--------------------------------------------------------------------------------

Repeat: 0
Confusion Matrix:
obs    False  True 
pred               
False     65     17
True      10      8

Precision:        0.444
Recall:           0.320
F1 Measure:       0.372
Overall Accuracy: 0.730
MAE:              3.465

Predictions:
 user  item  obs_rating  pred_rating  delta_rating
21092     4        4.17     3.050843      1.119157
 7529    13       -3.11    -4.817714      1.707714
22148    36        7.14    -2.271520      9.411520
 6889    89       -8.30    -0.867691      7.432309
22107    74        2.33    -1.593534      3.923534
 9006     8        2.91     3.056712      0.146712
 4742    57        8.30    -3.137737     11.437737
14692    12       -9.90    -4.580138      5.319862
18445    79       -0.44     3.013840      3.453840
17582    83        0.63    -3.027862      3.657862
13303    89       -8.45    -3.454192      4.995808
17590    49        2.48     7.742900      5.262900
 9965    34        7.72     3.865940      3.854060
 8091    15       -4.03     0.188638      4.218638
17807    66       -3.69    -1.719129      1.970871
12208    57       -9.90    -8.654757      1.245243
 2054     1        7.77    -2.139640      9.909640
18641    53        2.04     6.777027      4.737027
24188    43        8.25     0.475735      7.774265
 5323    11        2.14     2.061786      0.078214
 5112    48       -7.33     1.654003      8.984003
24498    80        1.26     5.035132      3.775132
 2271    68        0.34     5.778062      5.438062
24112     0       -4.27    -1.337051      2.932949
 1885    89        0.00    -2.194152      2.194152
 5243    16        1.89    -1.750882      3.640882
19006    79       -0.05    -0.858428      0.808428
18976    51       -3.79    -5.659360      1.869360
 1204    17       -3.79     0.912061      4.702061
 4730     6       -1.55    -2.190913      0.640913
  849    97       -0.19     4.996198      5.186198
14754    58       -4.66     0.048224      4.708224
11256    10       -3.88     1.346881      5.226881
16111    76        1.99     5.269833      3.279833
20186     5        7.28     4.771489      2.508511
19264    10        9.03     5.838649      3.191351
 3250    37       -9.90    -2.165973      7.734027
15655    47        5.92     4.156041      1.763959
 1787    39        3.25     0.088736      3.161264
 3710    23       -4.27    -3.649160      0.620840
17447    85       -3.54     3.027844      6.567844
14476    60        7.62     5.852172      1.767828
22195    34        4.32     5.730481      1.410481
13756    53        7.33     4.799879      2.530121
 5555    68       -2.91     1.098007      4.008007
21688    28        7.96     5.012055      2.947945
 3782    35        7.18     5.373719      1.806281
22984    22        2.48    -0.717748      3.197748
15152    42        1.89    -4.711243      6.601243
19616    69        1.75     1.549570      0.200430
21746    61       -3.20     5.010220      8.210220
10315    45        5.24     5.476141      0.236141
11256    40       -5.53    -1.083094      4.446906
10517    28        1.17     5.238629      4.068629
 2183     3        6.60     2.161321      4.438679
20653     8        2.33     1.669739      0.660261
17662    45        6.02     3.786670      2.233330
14257     6       -7.38    -2.356165      5.023835
 4017     3       -8.16    -3.178259      4.981741
19006     7       -0.05    -0.167758      0.117758
 9651    27        0.00     0.639888      0.639888
 2069    67        7.14     4.452035      2.687965
17545     0        9.17     2.345345      6.824655
16275    18       -4.37    -3.603151      0.766849
11491    10        8.98     4.762168      4.217832
14870    26        3.54     3.520513      0.019487
21846    13        1.07    -1.461112      2.531112
 8382     3       -5.83    -3.518772      2.311228
 5437    20        1.46     7.071273      5.611273
14915    83       -3.20    -1.332922      1.867078
 8072    43        3.79     0.285620      3.504380
17967    94       -6.41    -5.483189      0.926811
 1964    67       -0.44     5.039267      5.479267
 8470    49        7.57     6.109245      1.460755
 3396    20        0.05     4.891763      4.841763
11548    42        1.12     1.427213      0.307213
18563     6        6.46     5.615767      0.844233
 4515    41       -7.62    -0.366874      7.253126
16985    63        3.64     1.579957      2.060043
15989    50        0.97    -5.325939      6.295939
 6435    34        7.77     3.322982      4.447018
16104    19       -8.20    -2.885763      5.314237
 2114    58        7.04     3.588933      3.451067
20103    16        1.41     0.417975      0.992025
17926    21       -3.20    -3.854581      0.654581
22589    26        7.28     5.539527      1.740473
17656    14       -5.10    -7.146218      2.046218
 3662    20       -0.24     3.505171      3.745171
10954    63        3.25     1.964609      1.285391
12752     0        0.05     2.554382      2.504382
19354    23       -3.45    -5.849306      2.399306
12067    18       -6.46    -4.231816      2.228184
 9443    54        3.64     1.952845      1.687155
23862    48        5.68     1.688500      3.991500
 9531    42        1.07    -3.669007      4.739007
23224     1        2.82     1.285746      1.534254
 7155    74       -0.73     2.742678      3.472678
 4292    58        6.55    -0.052394      6.602394
20253    32       -7.72    -6.435524      1.284476
11720     1        3.25     0.773868      2.476132

--------------------------------------------------------------------------------

Repeat: 1
Confusion Matrix:
obs    False  True 
pred               
False     71     17
True       9      3

Precision:        0.250
Recall:           0.150
F1 Measure:       0.187
Overall Accuracy: 0.740
MAE:              3.762

Predictions:
 user  item  obs_rating  pred_rating  delta_rating
16877    98       -2.48     0.927915      3.407915
21175    43       -9.76    -7.290934      2.469066
 1219    17        1.21     2.622914      1.412914
 6302    44        1.94     5.518559      3.578559
13523    50       -8.74     0.686205      9.426205
 8974    12        0.53     0.147102      0.382898
23648    64        4.03     5.120891      1.090891
 7199    28        8.54     5.895876      2.644124
11578    90        4.17     1.959227      2.210773
22202    51       -3.93     0.533750      4.463750
12469    16        1.84    -1.373670      3.213670
21925    11       -3.69     0.407717      4.097717
13813    84        5.34     2.817009      2.522991
 1372    56        0.83    -5.297331      6.127331
19638    34        1.60     3.539883      1.939883
 2259    41        7.57     3.038429      4.531571
 5266    39       -9.56    -0.627641      8.932359
 4274    88        3.79     8.003582      4.213582
19792    30       -4.51     1.283539      5.793539
17820    50       -6.60    -4.082443      2.517557
10203    49        5.49     2.977919      2.512081
 3033    59        1.17    -0.398846      1.568846
 4540    58        6.07     4.028021      2.041979
23531    28        4.95     6.522068      1.572068
 2432    24       -1.12    -1.853801      0.733801
14847    31        8.06     3.324798      4.735202
20246    47        3.88    -0.112973      3.992973
18175    46       -0.68     2.531886      3.211886
 3302    81        1.41    -4.535218      5.945218
18986    39       -5.92    -7.569503      1.649503
 3826     5       -0.29     1.669712      1.959712
18305    51       -8.54    -6.285517      2.254483
14096    16        6.02    -0.155579      6.175579
 4849    82        1.36     4.670564      3.310564
18801    19       -1.70    -2.689520      0.989520
18558    24       -4.03    -0.796527      3.233473
  381    20       -9.71    -3.010866      6.699134
 5333    23        6.41    -1.487201      7.897201
 4450    39       -0.15    -3.936319      3.786319
17367    44        0.97     2.434908      1.464908
15579    34        8.93     1.975819      6.954181
16756     9       -0.73    -0.574310      0.155690
 5224     2       -8.64     0.775411      9.415411
19163    38        1.26     4.158078      2.898078
21237    18       -4.71    -1.469235      3.240765
 6965    52        4.81     3.982380      0.827620
 3319    54        2.38    -0.282739      2.662739
 2119    14       -1.46    -1.186592      0.273408
22000    12       -9.42    -5.799222      3.620778
21329    18       -7.62    -3.785398      3.834602
 6613    61        4.56     6.017630      1.457630
 9437    16        2.28     1.498851      0.781149
13753    88        6.21     2.860124      3.349876
14633    24        0.15    -3.023875      3.173875
17296    81       -2.23    -5.351280      3.121280
 5721    47        3.74    -0.896436      4.636436
18124    86        8.64     4.921339      3.718661
16758     8       -0.53     2.339450      2.869450
23113    38       -9.61    -0.244335      9.365665
10480    48        4.71     1.837976      2.872024
 8660    32       -7.43    -4.602055      2.827945
23963    57       -4.76    -3.337074      1.422926
18715    46       -4.17    -1.608725      2.561275
15618    15        4.03     1.252130      2.777870
10063    62       -0.15     1.350155      1.500155
15303    54       -5.10     0.372700      5.472700
10024    35        8.93     4.965557      3.964443
15714    43        1.94    -0.833580      2.773580
24800    64       -7.43     6.299537     13.729537
 5895    10        2.52    -3.117205      5.637205
18329    71        3.98     2.513473      1.466527
16947    62        8.98     3.161116      5.818884
14034    95        8.54     2.731835      5.808165
22990    89       -9.17    -3.199740      5.970260
20132    24       -1.55    -3.436088      1.886088
 6953    84       -9.56     0.281628      9.841628
  536    12       -0.29    -2.524224      2.234224
20534    45        2.23     5.129188      2.899188
 7106    90       -9.56    -1.468140      8.091860
15174    49        0.15     3.281653      3.131653
18314    41        0.87     1.459316      0.589316
 9701    28       -0.87     5.609270      6.479270
11237    52        0.92     4.845933      3.925933
 2762    39       -5.83    -0.484692      5.345308
18190    22        9.13    -1.839987     10.969987
 2494    14        1.41    -2.576616      3.986616
22780    62       -5.19    -2.163911      3.026089
 7580     4        3.83     1.993492      1.836508
15251     5       -7.77    -0.588639      7.181361
 8728     8       -0.24     0.008971      0.248971
 8522    28        9.08     6.020795      3.059205
21004    37       -8.30    -3.174554      5.125446
 3851    19       -9.42    -4.261139      5.158861
 9743    17        7.57     1.781780      5.788220
 9006    96        7.57     4.159834      3.410166
  752    26        6.55     5.668664      0.881336
 3486    55        7.38     1.065131      6.314869
15941    20        4.61     5.719781      1.109781
 9946     1       -0.39     1.579883      1.969883
17627     4        2.33     2.370875      0.040875

--------------------------------------------------------------------------------

Repeat: 2
Confusion Matrix:
obs    False  True 
pred               
False     68     18
True       5      9

Precision:        0.643
Recall:           0.333
F1 Measure:       0.439
Overall Accuracy: 0.770
MAE:              3.525

Predictions:
 user  item  obs_rating  pred_rating  delta_rating
 3163    17        2.09    -1.262559      3.352559
15679    37       -0.92    -0.542110      0.377890
  127    65       -6.70    -2.897557      3.802443
 7991    31       -1.60     2.590516      4.190516
 8227    83        2.72    -2.454546      5.174546
22980    86       -0.92     1.216212      2.136212
23598    55       -0.68     6.254858      6.934858
21685    99        7.09     4.814576      2.275424
19533    44       -0.05     1.150685      1.200685
13206    24        0.83    -6.087554      6.917554
22294    79        8.69     4.685142      4.004858
 5653    43       -0.39    -2.169575      1.779575
 1869     0        0.78     2.506054      1.726054
 6068    19       -4.37     1.143902      5.513902
13237    46        0.44     1.344945      0.904945
10892    89        3.16     2.274638      0.885362
 7246    38        8.98     2.138421      6.841579
13197    54       -0.97    -0.059622      0.910378
22767     0       -5.63     3.102398      8.732398
11751    13        0.19     1.115770      0.925770
20761    50       -2.52    -2.379569      0.140431
11031    45        0.24     2.468004      2.228004
 2460    74       -0.29    -1.549425      1.259425
18795    69       -2.52    -3.695286      1.175286
 1894    60        6.31     1.928449      4.381551
 3689    73       -9.22    -2.965288      6.254712
21516    52        0.68     0.606469      0.073531
21630    12       -3.20    -3.250954      0.050954
 2832    95       -8.79    -3.326077      5.463923
18991    29       -2.33    -3.100466      0.770466
14380    67        6.84     5.936966      0.903034
24273    90        2.62    -3.026134      5.646134
 4055    75        8.88     2.827179      6.052821
23490    70       -4.61    -0.269130      4.340870
 2395    88        8.30     6.094649      2.205351
23204    38        7.28     7.429572      0.149572
24716     9       -0.78    -2.567372      1.787372
19913    30       -9.66     1.384590     11.044590
11223    10        5.05     6.390741      1.340741
 1333    56        7.09     1.769498      5.320502
18498    18       -3.20    -3.312440      0.112440
12802    31       -2.72     4.497536      7.217536
12465    31        2.09     4.961681      2.871681
  792    26        4.27     2.541185      1.728815
  532    60        6.55     4.981669      1.568331
10961    55        8.69     6.035521      2.654479
 8664    22       -6.55    -4.475182      2.074818
 6738    89       -6.50    -2.246799      4.253201
23066    67        1.65     7.038104      5.388104
20310    34        3.64     4.508994      0.868994
12876    60        1.84    -1.858557      3.698557
21827    73        1.65    -1.260738      2.910738
 7125    14       -0.34    -1.076863      0.736863
 4243    87       -9.66     0.368905     10.028905
 2492    65        5.49     0.912377      4.577623
 7213    15        1.36    -5.776057      7.136057
23140    68       -3.59     2.981025      6.571025
 2868    89        6.89     3.932429      2.957571
 1209    28        9.37     3.310764      6.059236
 8880    40        5.00    -1.341300      6.341300
20311    52        5.73     7.318247      1.588247
20694    12       -8.50    -4.297311      4.202689
21528    17        0.44    -0.976632      1.416632
22400    23       -8.88    -3.148717      5.731283
11590    54        3.06     1.850360      1.209640
13115    93        3.88     6.361121      2.481121
19726    16        1.12    -2.208876      3.328876
15556    21       -1.55     1.851558      3.401558
21802    12        1.02    -2.059663      3.079663
 2824    51        4.47     0.208866      4.261134
11377    33       -0.58     3.442542      4.022542
21885    67       -6.55     5.402734     11.952734
15021    26        3.01     3.408114      0.398114
24163    62        5.39    -2.207358      7.597358
 5169    71        3.16     5.521429      2.361429
14819    68       -6.65    -0.259310      6.390690
15147     2        6.36     4.324758      2.035242
22311    17        7.18    -4.471099     11.651099
23105    80        5.15     6.659979      1.509979
 7926    17       -3.30     1.781709      5.081709
12565    85        6.65     0.531919      6.118081
21910    13        9.27     6.937072      2.332928
16618    85       -4.17    -2.618199      1.551801
15051    41        0.63     0.956686      0.326686
21967    60       -0.10     3.507179      3.607179
18185    60       -2.18    -0.551940      1.628060
 4081    46       -5.19     1.986530      7.176530
 9784    46       -1.21     4.461667      5.671667
13277    28        5.05     2.744781      2.305219
21399    54        2.57     0.535305      2.034695
14902    17       -0.49    -3.600919      3.110919
19997    41        6.46     3.560923      2.899077
13915    53        5.15     1.630958      3.519042
 8715    41        8.59     7.533392      1.056608
14406     3        3.16    -0.416620      3.576620
18508    63        3.69    -0.645413      4.335413
 6645     7       -9.66    -5.549449      4.110551
19539    19       -5.63    -3.654066      1.975934
22093    20        2.28     2.970954      0.690954
 5788    60        1.21     3.003165      1.793165

