Random Sample Report
Method: User Mean Utility
Sample Size: 100
N Neighbors: 5

--------------------------------------------------------------------------------

Repeat: 0
Confusion Matrix:
obs    False  True 
pred               
False     72     21
True       4      3

Precision:        0.429
Recall:           0.125
F1 Measure:       0.194
Overall Accuracy: 0.750
MAE:              3.801

Predictions:
 user  item  obs_rating  pred_rating  delta_rating
18971    20       -5.44       -2.602         2.838
13840    16        2.67       -0.056         2.726
14708    46       -3.79        1.930         5.720
13919    84        7.33        5.592         1.738
 2057    39       -2.82        2.554         5.374
23590     4       -3.25        0.370         3.620
17589    49        2.43        3.070         0.640
18238     6        5.68       -0.660         6.340
 9250    66       -5.58       -2.640         2.940
15628    20        0.63       -0.846         1.476
12640    34        6.02        2.852         3.168
22012    98       -9.22       -3.950         5.270
20047    37        8.79        3.244         5.546
13451    45        8.45        3.552         4.898
15104    30        3.64        0.476         3.164
23549    60       -7.14       -2.176         4.964
16346     4        1.46        2.098         0.638
 9894    93       -2.18       -0.648         1.532
19547    21       -4.76       -1.842         2.918
13042    54       -0.34       -5.234         4.894
 3285    62       -2.33       -3.562         1.232
19956    82       -8.25        1.166         9.416
23762     7       -1.89       -1.738         0.152
 2510    64       -5.97        2.290         8.260
   96    95        7.52        0.444         7.076
 4485    69       -4.13       -4.796         0.666
23968    26        5.44        7.456         2.016
11171    27        4.71        2.998         1.712
 3285    65        0.78        5.474         4.694
 4189    36        0.87       -1.118         1.988
 7548    44       -1.84       -1.002         0.838
12400    54       -9.95       -3.992         5.958
 5515    57        3.30       -2.932         6.232
22989    89       -0.29        0.002         0.292
 5716    28        3.79        5.992         2.202
 5921    58        2.82       -5.692         8.512
16850    10       -0.44       -3.486         3.046
 1474    27       -5.34       -0.824         4.516
 9279    47        1.84        0.660         1.180
19792    29       -4.61        1.038         5.648
23296     3        6.70        1.504         5.196
13785    53       -4.76       -1.882         2.878
 4767    10        4.66        5.768         1.108
 8465    47        4.51        3.426         1.084
14362    38        1.65        3.680         2.030
 4612    87       -3.93        0.320         4.250
 2024    15       -9.08       -4.466         4.614
 4113    13        8.79       -0.438         9.228
13275    35       -5.10        6.524        11.624
 2973    43       -3.59       -5.264         1.674
14182    50        0.34        0.464         0.124
 6289    34        7.09        4.736         2.354
10699    34        3.64        4.164         0.524
22722    37        3.16        3.806         0.646
13342    64        2.33        4.144         1.814
 4621    54       -0.39       -5.982         5.592
10218    59        9.13       -1.446        10.576
 6587    60        0.44        3.894         3.454
10320    26        6.84        1.290         5.550
17354    42        8.64       -2.272        10.912
 2902    89        3.98       -0.262         4.242
 6472     9        6.02        2.018         4.002
 7507    83        3.30        2.698         0.602
16898    39       -2.72       -0.458         2.262
12568    55        7.28        2.778         4.502
10577    59       -4.47       -3.766         0.704
11717    39       -1.94       -3.630         1.690
 5531     0        6.50        0.330         6.170
20425    55       -5.19       -1.300         3.890
20734    51       -8.30       -0.962         7.338
23437    33       -4.27        2.256         6.526
17348    15        3.25       -0.970         4.220
16745    91       -0.39        2.942         3.332
15676    67       -0.34        2.068         2.408
20649    28        4.42        3.098         1.322
 5078    68        5.00        2.446         2.554
 4055    66       -1.17        2.370         3.540
 6083    67        1.26        2.806         1.546
14899    60       -9.22        2.146        11.366
 5795    24       -0.29        1.096         1.386
 5821    34        3.64        1.662         1.978
13394    46       -4.27       -2.282         1.988
22723     6       -1.75       -0.718         1.032
 9528    38        6.36        2.736         3.624
22653    28       -9.56        4.050        13.610
18233     9       -5.34       -2.846         2.494
16667    17        0.49       -3.418         3.908
 7922    57       -4.08       -6.350         2.270
19159    39        0.19       -2.846         3.036
16078    23       -7.82       -4.098         3.722
14833    60        8.11        4.670         3.440
 3810    75       -2.91        0.574         3.484
21729    49        9.08        4.184         4.896
 1298    44        1.02        1.844         0.824
 3259    28        5.34        5.496         0.156
 4563    61        5.92        4.078         1.842
10330    39        4.81       -0.644         5.454
 1785    25       -2.57        2.776         5.346
 8133    11        5.49       -3.068         8.558
13016    77        7.48        3.882         3.598

--------------------------------------------------------------------------------

Repeat: 1
Confusion Matrix:
obs    False  True 
pred               
False     59     23
True       9      9

Precision:        0.500
Recall:           0.281
F1 Measure:       0.360
Overall Accuracy: 0.680
MAE:              3.082

Predictions:
 user  item  obs_rating  pred_rating  delta_rating
23284    38        6.99        1.146         5.844
 6465    41        2.72        6.048         3.328
23881    36        0.44       -2.866         3.306
12762    46       -1.02        4.244         5.264
22799    16       -8.59       -1.796         6.794
14993    45        3.79        4.856         1.066
23017    46        8.01        6.098         1.912
 2781    38       -0.34       -1.070         0.730
13839    47        7.91        8.058         0.148
  489    30        2.33       -1.058         3.388
20637    30       -0.29        4.166         4.456
18471    36       -5.10       -4.554         0.546
 6823    59       -3.88       -5.758         1.878
 3710    36        6.26        0.322         5.938
16626    37        1.26        2.804         1.544
12580    22       -8.40       -4.536         3.864
11165    21        6.55       -3.068         9.618
14995    14       -5.63       -3.816         1.814
14877    35        7.28        5.242         2.038
 5300    14       -4.42       -2.644         1.776
18921    68        5.49        4.554         0.936
17193     4        0.73       -1.260         1.990
20024    46        1.60       -0.776         2.376
 5101    83        7.04        3.532         3.508
 9393    49        8.06        4.814         3.246
  117    23       -4.71       -4.670         0.040
24074    70        4.61        3.728         0.882
14571    52        7.09        4.796         2.294
 6201    64       -6.94        2.972         9.912
 4794    17       -2.96        0.592         3.552
22958     6        5.24        1.010         4.230
22335    10        4.81        6.748         1.938
 3181    14       -9.17       -6.068         3.102
 7671    78       -1.17       -1.526         0.356
23163    60        6.99        6.360         0.630
 5811    92        2.67        6.272         3.602
17824    24       -5.44       -4.980         0.460
 6928    62       -4.03       -2.486         1.544
17495    28        7.57        2.904         4.666
 3766    42        1.41        0.906         0.504
 9988    17       -0.53        2.166         2.696
15643    95        2.52        1.552         0.968
12975    99        7.67        6.108         1.562
12510     3       -4.27       -6.136         1.866
24793    93        7.86        3.466         4.394
 3903    95       -3.40        0.910         4.310
20558    62        1.65        1.524         0.126
15402    16        7.62        0.836         6.784
 4187     0        6.60        2.932         3.668
 1254    59        4.03        0.990         3.040
16344     6       -6.07       -1.788         4.282
11106    26        3.50        3.456         0.044
 6835    52        3.50        6.564         3.064
 7889    88        2.57        4.592         2.022
22976    43       -3.50       -4.320         0.820
 2146    38        4.32        2.204         2.116
 4440    60        1.84        4.778         2.938
 6357     5        4.90        1.620         3.280
16316    26        2.33        6.302         3.972
18940    92        6.80        3.446         3.354
19482    35        6.55        4.934         1.616
 6712    31        4.71        3.670         1.040
 5310    21        3.98        6.892         2.912
13564    24        3.01        1.572         1.438
 2182     3       -3.64       -6.884         3.244
17653    33       -0.39        6.164         6.554
13435    30        8.98        0.756         8.224
  557    17       -4.76       -1.230         3.530
 9714    39        8.54        2.222         6.318
23866    27        2.18       -1.622         3.802
13748    79       -9.81       -6.234         3.576
20532    87        0.24        4.058         3.818
16258    45       -1.65       -2.388         0.738
13204    49        8.35        5.554         2.796
12298    30        1.07        1.668         0.598
17675    83        2.96       -0.854         3.814
  481    39       -3.88        2.708         6.588
12028    18        9.32        0.756         8.564
 7224    56        1.70       -3.388         5.088
 1847    33        2.23       -0.534         2.764
11925    31        6.21        5.040         1.170
  778     7        5.00       -0.048         5.048
12020    82        2.33       -0.240         2.570
12140    67        4.76        5.952         1.192
 4626    29        2.72        0.476         2.244
17993    45       -3.83        2.030         5.860
12275    26       -0.29        0.776         1.066
 4087    31        5.29        4.232         1.058
 7082    60        5.44        0.582         4.858
16908    31        0.29        2.224         1.934
14015    93        8.64        3.776         4.864
 5778    50        6.75        3.662         3.088
17761    46        0.24        5.678         5.438
15847    50        6.41       -1.320         7.730
24544    39        0.24        2.348         2.108
 2952    21       -1.55       -3.496         1.946
 4585    78       -5.78       -2.582         3.198
24455    90        1.02       -0.292         1.312
 9883    61        8.59        5.196         3.394
  531    76        6.02        5.204         0.816

--------------------------------------------------------------------------------

Repeat: 2
Confusion Matrix:
obs    False  True 
pred               
False     65     22
True       5      8

Precision:        0.615
Recall:           0.267
F1 Measure:       0.372
Overall Accuracy: 0.730
MAE:              3.700

Predictions:
 user  item  obs_rating  pred_rating  delta_rating
 3701     4        0.97        0.690         0.280
12313    33       -4.27       -1.514         2.756
 6633    17        0.10       -1.000         1.100
 7718    60       -0.39        2.794         3.184
17498    43        8.40        1.234         7.166
 2177    43        4.32        0.632         3.688
17836     8       -3.06       -2.834         0.226
19439    42        6.46       -0.728         7.188
 5260     2        3.83        1.902         1.928
20040    86        7.23        6.396         0.834
14444    25        0.92        3.766         2.846
 3881    48        1.75        4.788         3.038
12114    10        7.77        1.640         6.130
 4051    72        8.74        5.476         3.264
23137    26        5.24        5.582         0.342
10519    34        8.93        4.808         4.122
20462    51        8.79       -2.262        11.052
14783    20        8.20        3.680         4.520
15738    42       -8.35       -4.842         3.508
11536    85        2.18       -2.708         4.888
23304    52       -0.29        4.844         5.134
10945    62       -0.87       -1.572         0.702
12366    78        4.08       -0.182         4.262
 1085    53        5.83        2.818         3.012
17353    33        3.88        3.244         0.636
 3769    60        1.12       -2.912         4.032
 4169    57        0.44       -3.156         3.596
 8709    31       -9.56        3.294        12.854
  252    47       -0.83        0.388         1.218
17850    38       -4.22        2.156         6.376
 1166     9        6.89       -0.456         7.346
  577     5        4.85        5.544         0.694
13351    52        3.16        3.378         0.218
12262    13        0.49        5.038         4.548
18341    67        8.64        3.272         5.368
 2255    13       -1.70        3.748         5.448
 4843    99        7.14        2.612         4.528
17567    64        1.46        2.206         0.746
13407    19        7.38        4.942         2.438
24151    12       -2.52       -0.436         2.084
 6489    47        8.06        0.758         7.302
 5656    50       -5.15       -4.320         0.830
  359    32       -0.39       -1.796         1.406
 9727    86        6.80        3.680         3.120
12971    13        5.63        1.990         3.640
 3131    34       -4.03        2.390         6.420
14490    10        3.74        7.652         3.912
 9632    93       -5.53        0.854         6.384
18064    93        3.25        3.872         0.622
17068    52        4.22        3.950         0.270
13246    46        0.19        2.686         2.496
18581    51       -7.57        0.126         7.696
19298    28        8.50        5.026         3.474
 3307    56        3.79       -0.778         4.568
21401    61       -8.11        3.040        11.150
 7100    74        2.48        0.038         2.442
 4080     8        8.83       -1.604        10.434
 4389     5        4.37        4.320         0.050
 3601    18       -8.20       -0.438         7.762
15256     6        7.23        3.028         4.202
24401    37        5.15        4.436         0.714
 5919    61        9.13        5.380         3.750
12335    27       -0.63        3.408         4.038
10325    19        2.23        1.010         1.220
22494    55       -8.40       -0.038         8.362
17578    45        4.03        0.156         3.874
19450    92       -0.05        2.524         2.574
11414    39       -6.99        4.542        11.532
  711    82        0.29       -0.058         0.348
 9016    41        5.00        6.184         1.184
  662    92        2.77        0.988         1.782
20113    40       -4.61       -6.894         2.284
19348    25       -4.51        2.854         7.364
 6844    28        5.58        6.582         1.002
 5829    17       -7.72       -2.806         4.914
 5962    37        8.25        3.544         4.706
22289    51       -4.81       -0.078         4.732
23239    43        7.72       -1.902         9.622
 6769    42       -6.89       -8.416         1.526
17571     6       -1.07        0.194         1.264
 8134    19        0.97       -1.194         2.164
 1846    62       -0.44       -2.078         1.638
22050    14       -7.23       -5.184         2.046
22179     5        7.48        4.866         2.614
24741    70       -2.43       -4.652         2.222
17760    13        8.30        4.564         3.736
17100    48        2.33        2.144         0.186
  320    77        3.93       -1.514         5.444
17677    41        1.26        3.620         2.360
21366    60        8.40        4.096         4.304
24847    60        3.06        5.164         2.104
17510    61       -1.17        5.312         6.482
 4800    61        3.45        3.624         0.174
24341    90       -5.29       -4.534         0.756
21349    58        0.73       -3.720         4.450
 4263    43        1.75       -4.690         6.440
17510    35        1.50        3.816         2.316
17970    37        5.87        5.018         0.852
22773    71       -4.61        1.864         6.474
15782    18       -3.69       -2.700         0.990

